1 0.4515625 0.22109375 0.3140625 0.2953125
1 0.53125 0.565625 0.2828125 0.26875
1 0.5875 0.36171875 0.3171875 0.3046875
1 0.3984375 0.42578125 0.2890625 0.2703125
1 0.48046875 0.08046875 0.2734375 0.1609375
1 0.46171875 0.76328125 0.3234375 0.29375
1 0.74296875 0.33125 0.2203125 0.25
1 0.63828125 0.18125 0.2578125 0.228125
1 0.2859375 0.78046875 0.275 0.2546875
1 0.696875 0.50546875 0.221875 0.253125
1 0.6421875 0.69296875 0.240625 0.271875
1 0.59609375 0.871875 0.221875 0.24375
1 0.67734375 0.14609375 0.4359375 0.2921875
1 0.35234375 0.621875 0.278125 0.2421875