1 0.7234375 0.3265625 0.2890625 0.309375
1 0.45625 0.5578125 0.2625 0.2765625
1 0.66328125 0.51171875 0.2984375 0.3109375
1 0.51796875 0.37578125 0.2640625 0.284375
1 0.8828125 0.27421875 0.203125 0.2703125
1 0.25 0.58984375 0.2875 0.31875
1 0.76328125 0.6359375 0.2453125 0.215625
1 0.84609375 0.471875 0.2234375 0.253125
1 0.1515625 0.4421875 0.2484375 0.2703125
1 0.5875 0.6765625 0.2484375 0.215625
1 0.396875 0.71640625 0.2671875 0.234375
1 0.21640625 0.759375 0.240625 0.2171875
1 0.87734375 0.48828125 0.2453125 0.4328125
1 0.32265625 0.42734375 0.2359375 0.2734375