1 0.6921875 0.7078125 0.321875 0.30625
1 0.43828125 0.46171875 0.2890625 0.278125
1 0.50234375 0.66328125 0.325 0.3140625
1 0.62578125 0.50703125 0.296875 0.2796875
1 0.7578125 0.86171875 0.278125 0.2203125
1 0.3890625 0.25859375 0.33125 0.3046875
1 0.3875 0.77421875 0.2296875 0.2546875
1 0.5578125 0.84296875 0.2625 0.2375
1 0.5265625 0.14765625 0.2828125 0.2625
1 0.33203125 0.60234375 0.2296875 0.2578125
1 0.27578125 0.41640625 0.25 0.278125
1 0.2171875 0.240625 0.2296875 0.25
1 0.546875 0.86875 0.440625 0.2625
1 0.55703125 0.3171875 0.284375 0.2515625