1 0.3828125 0.184375 0.3234375 0.334375
1 0.340625 0.91640625 0.275 0.1671875
1 0.575 0.5 0.3046875 0.3125
1 0.47734375 0.84140625 0.2953125 0.3171875
1 0.41796875 0.40625 0.3296875 0.3203125
1 0.565625 0.26328125 0.2984375 0.3125
1 0.75859375 0.3734375 0.309375 0.3234375
1 0.2828125 0.66796875 0.38125 0.490625
1 0.54765625 0.0953125 0.2984375 0.190625
1 0.81015625 0.86015625 0.2234375 0.2203125
1 0.63828125 0.87734375 0.3140625 0.2453125
1 0.20703125 0.09609375 0.2796875 0.1515625
1 0.71484375 0.1421875 0.3015625 0.284375