1 0.43828125 0.17890625 0.3703125 0.3578125
1 0.85703125 0.7953125 0.2859375 0.259375
1 0.4359375 0.53828125 0.35 0.3546875
1 0.696875 0.78359375 0.3421875 0.3609375
1 0.521875 0.37734375 0.371875 0.365625
1 0.321875 0.33125 0.3421875 0.3515625
1 0.21328125 0.525 0.35625 0.3640625
1 0.77109375 0.53203125 0.4578125 0.5328125
1 0.2421875 0.16328125 0.321875 0.271875
1 0.41875 0.92109375 0.253125 0.1578125
1 0.57734375 0.8734375 0.3421875 0.253125
1 0.54375 0.05234375 0.2875 0.1046875
1 0.15 0.29921875 0.3 0.3359375