1 0.19609375 0.35546875 0.353125 0.34375
1 0.91875 0.37890625 0.1625 0.2859375
1 0.49375 0.575 0.33125 0.325
1 0.8375 0.50625 0.325 0.315625
1 0.4140625 0.41015625 0.3390625 0.3484375
1 0.25859375 0.54453125 0.3296875 0.3171875
1 0.3515625 0.74609375 0.340625 0.3296875
1 0.6859375 0.2984375 0.509375 0.4140625
1 0.0984375 0.5109375 0.196875 0.309375
1 0.83125 0.840625 0.234375 0.2359375
1 0.865625 0.67109375 0.26875 0.3265625
1 0.1234375 0.17265625 0.171875 0.284375
1 0.1375 0.6828125 0.275 0.31875