0 0.4984375 0.6265625 0.3921875 0.346875
0 0.51015625 0.85078125 0.3703125 0.2984375
0 0.70078125 0.49296875 0.2859375 0.2796875
0 0.18984375 0.6453125 0.3796875 0.340625
0 0.30078125 0.85234375 0.3265625 0.2953125
0 0.5546875 0.38203125 0.3203125 0.3015625
0 0.3296875 0.43515625 0.3640625 0.3390625
0 0.85078125 0.7921875 0.2984375 0.271875
0 0.17578125 0.33125 0.303125 0.2828125
0 0.67734375 0.778125 0.3265625 0.3078125
0 0.38125 0.259375 0.33125 0.309375
0 0.08984375 0.52890625 0.1796875 0.2421875